BIA CV PRESETS
NOTES 0-2 / CH 1 / TR 1
PATTERN: VV (100 = 1V)
MI.N: %1
CH: %2 BATCH: %3



#1
X 0
L 0 MI.NL: $F1 2 - MI.N 1
IF NZ X: TR.P 1
BREAK

#2
IF GTE I1 3: BREAK
X 1; PRINT 1 I1
CV 1 VV PN 0 I1
CV 2 VV PN 1 I1
CV 3 VV PN 2 I1
CV 4 VV PN 3 I1

#3

#4

#5

#6

#7

#8

#M

#I
MI.$ 1 1; LIVE.DASH 1

#P
4	4	4	4
0	0	0	0
0	0	0	0
0	0	0	0

0	0	0	500
100	100	500	300
500	500	300	0
100	100	500	300
0	0	0	0
0	0	0	0
0	0	0	0
0	0	0	0
0	0	0	0
0	0	0	0
0	0	0	0
0	0	0	0
0	0	0	0
0	0	0	0
0	0	0	0
0	0	0	0
0	0	0	0
0	0	0	0
0	0	0	0
0	0	0	0
0	0	0	0
0	0	0	0
0	0	0	0
0	0	0	0
0	0	0	0
0	0	0	0
0	0	0	0
0	0	0	0
0	0	0	0
0	0	0	0
0	0	0	0
0	0	0	0
0	0	0	0
0	0	0	0
0	0	0	0
0	0	0	0
0	0	0	0
0	0	0	0
0	0	0	0
0	0	0	0
0	0	0	0
0	0	0	0
0	0	0	0
0	0	0	0
0	0	0	0
0	0	0	0
0	0	0	0
0	0	0	0
0	0	0	0
0	0	0	0
0	0	0	0
0	0	0	0
0	0	0	0
0	0	0	0
0	0	0	0
0	0	0	0
0	0	0	0
0	0	0	0
0	0	0	0
0	0	0	0
0	0	0	0
0	0	0	0
0	0	0	0
0	0	0	0

#G
0000000000000000
0000000000000000
0000000000000000
0000000000000000
0000000000000000
0000000000000000
0000000000000000
0000000000000000
0000000000000000
0000000000000000
0000000000000000
0000000000000000
0000000000000000
0000000000000000
0000000000000000
0000000000000000

0	0	0	0	0	0	0	0	0	0	0	0	0	0	0	0
0	0	0	0	0	0	0	0	0	0	0	0	0	0	0	0
0	0	0	0	0	0	0	0	0	0	0	0	0	0	0	0
0	0	0	0	0	0	0	0	0	0	0	0	0	0	0	0
